$SPEC_ID:
NBS SRM 4275-24 SN:1141 MIXED CLB SOURCE
$SPEC_REM:
P-40WA 28% 1.85KEV @1332.5 2500V BIASRCE
$DATE_MEA:
30MAY85 19:08:
$MEAS_TIM:
28800.00 30890.98
$DATA:
0 8192
       0
       0
       0
       0
       0
       5
       13
       31
       64
       151
       179
       4792
       27211
       54199
       99817
       128557
       121452
       100855
       101034
       102206
       98916
       96109
       92718
       89444
       86524
       83755
       81108
       78448
       76521
       73616
       71610
       69599
       68133
       66283
       64255
       62948
       61624
       60255
       59025
       57219
       56185
       55431
       53930
       52998
       51825
       51392
       50808
       49579
       48993
       48089
       47370
       46140
       46232
       45321
       44310
       44120
       42966
       43074
       42617
       41406
       41085
       39679
       39906
       39442
       39070
       38371
       38266
       37576
       37081
       36824
       36349
       36172
       35926
       35309
       34908
       34678
       34569
       33715
       33637
       33360
       33329
       32895
       32453
       32299
       31791
       31802
       31317
       31206
       31014
       30531
       30351
       30325
       29891
       29959
       29452
       29292
       29116
       28814
       28722
       28472
       28418
       28051
       28171
       27678
       27386
       27554
       27408
       27047
       27035
       26838
       26727
       26517
       26268
       26378
       26036
       25791
       25604
       25673
       25982
       25791
       25400
       25201
       25365
       24979
       25141
       24985
       24528
       24756
       24726
       24623
       24554
       24211
       24194
       24338
       24241
       23916
       24288
       23904
       23759
       23701
       23617
       23408
       23425
       23406
       23017
       22954
       23339
       23244
       23006
       23239
       23189
       23030
       23336
       23719
       23437
       23187
       22909
       22686
       22604
       22644
       22542
       22409
       22305
       22668
       22206
       22126
       22140
       22017
       21887
       21714
       21911
       21893
       21627
       21639
       21339
       21132
       21248
       21442
       21481
       22006
       24185
       28644
       36640
       45911
       54349
       62197
       66114
       60763
       45288
       30582
       21354
       18004
       17034
       16777
       17398
       17663
       17999
       17984
       17531
       16692
       16609
       16274
       16272
       16171
       16346
       16642
       16973
       18112
       21910
       29474
       40420
       47247
       43865
       34808
       26065
       22717
       23748
       24661
       23010
       19492
       16856
       14737
       14175
       14105
       13935
       13737
       13913
       13655
       13590
       13810
       14035
       13934
       13674
       13726
       13520
       13843
       13577
       13708
       13437
       13598
       13608
       13433
       13675
       13477
       13654
       13624
       13468
       13438
       13619
       13477
       13634
       13623
       13923
       13729
       13465
       13515
       13792
       13858
       14990
       16722
       18927
       20039
       19011
       16673
       14879
       13719
       13223
       13227
       13493
       13292
       13444
       13100
       13169
       13343
       13405
       13457
       13407
       13544
       13375
       13603
       13758
       13785
       13769
       13833
       13865
       13820
       14026
       14096
       13962
       14228
       14105
       14128
       14054
       14399
       14108
       14099
       14100
       14049
       13898
       14284
       14162
       14233
       14230
       14244
       14075
       14249
       14477
       14343
       14362
       14307
       14501
       14500
       14711
       14877
       14900
       15062
       15283
       15781
       15483
       15660
       15400
       15427
       15392
       16042
       16079
       16688
       17300
       17617
       17333
       16823
       16565
       16691
       16800
       16671
       16833
       16695
       16842
       16995
       17068
       16898
       17189
       17200
       17390
       17430
       17507
       17749
       17553
       17896
       17955
       17545
       17745
       18124
       18194
       18120
       18735
       18753
       18855
       19151
       19229
       19283
       19707
       19881
       20372
       20486
       20598
       20917
       21521
       22253
       22513
       23133
       23331
       24083
       26482
       35869
       68082
       141036
       254601
       353012
       363068
       273348
       154421
       70580
       32762
       20537
       18247
       17474
       16963
       16985
       16848
       16643
       16839
       16438
       16509
       16475
       16535
       16283
       16525
       16495
       16363
       16436
       16770
       16358
       16522
       16929
       16893
       17000
       16950
       17356
       17221
       17648
       17434
       17666
       17632
       17633
       18056
       17828
       18490
       18232
       18431
       18494
       18410
       18442
       18646
       18597
       18908
       19166
       18950
       18989
       19161
       19358
       19308
       19362
       19527
       19613
       19601
       19580
       19553
       19991
       20024
       20005
       20098
       20027
       19929
       20169
       20602
       20357
       20822
       20684
       20798
       20963
       21104
       21004
       21052
       21648
       23111
       27608
       44172
       87108
       164618
       253832
       296899
       261655
       172016
       89832
       43159
       26004
       21678
       20556
       20463
       20605
       20766
       20924
       20745
       20644
       20857
       21206
       21561
       22097
       22241
       21789
       21629
       21285
       21041
       21212
       20863
       21071
       21065
       21104
       21053
       20719
       21207
       21217
       20977
       21158
       20935
       20995
       20892
       20964
       20946
       20978
       20527
       20567
       20637
       20406
       20383
       20267
       20150
       20461
       20885
       21733
       22699
       23223
       22852
       21673
       20440
       20091
       19688
       19582
       19412
       19402
       19167
       18994
       18997
       19156
       19197
       19118
       18950
       19194
       19327
       19849
       20132
       21594
       27557
       53904
       145747
       382007
       806060
       1303458
       1570046
       1395648
       916581
       445036
       163610
       50240
       18094
       11435
       10433
       10543
       10116
       9937
       10054
       9820
       9884
       9815
       9728
       9737
       9762
       9822
       9594
       9650
       9768
       9767
       9561
       9744
       9701
       9808
       9633
       9606
       9786
       9677
       9749
       9621
       9853
       9857
       10191
       10303
       10369
       9984
       9864
       9599
       9469
       9642
       9415
       9458
       9522
       9410
       9340
       9837
       9588
       9661
       9574
       9427
       9609
       9585
       9320
       9193
       9248
       9180
       8890
       9338
       9201
       9153
       9076
       9185
       9119
       8952
       9157
       9186
       9014
       9246
       8891
       9041
       8978
       9095
       8950
       9046
       9081
       8784
       8904
       8854
       9034
       8906
       8895
       8903
       8964
       8612
       9079
       8960
       8992
       8853
       8863
       8950
       8750
       8837
       8957
       9185
       8970
       9381
       9417
       9891
       9406
       9253
       8892
       8866
       8718
       8805
       8865
       8866
       8736
       8952
       8934
       8873
       8901
       8796
       8919
       8961
       8909
       8685
       8969
       8924
       8837
       8849
       8813
       8861
       8926
       8911
       8979
       8785
       8928
       9001
       8803
       8908
       9005
       8918
       8935
       9030
       8773
       8987
       8899
       8915
       9159
       9047
       8974
       9275
       9272
       9281
       9226
       9045
       9141
       9068
       9070
       9354
       9134
       9099
       9093
       9063
       9055
       9156
       9319
       9017
       9027
       9036
       9230
       9296
       9334
       9376
       9168
       9284
       9527
       9474
       9310
       9660
       9157
       9379
       9284
       9457
       9294
       9324
       9296
       9459
       9541
       9416
       9421
       9525
       9549
       9649
       9457
       9562
       9712
       9673
       9441
       9484
       9706
       9682
       9560
       9516
       9664
       9693
       9604
       9551
       9644
       9605
       9695
       9712
       9723
       9867
       9613
       9608
       9709
       9808
       9643
       9721
       9901
       10223
       10762
       11379
       12123
       11939
       11283
       10670
       9926
       9842
       9613
       9668
       9720
       9876
       10246
       12043
       17739
       30384
       52604
       78204
       92909
       85837
       62423
       37621
       20666
       12863
       10168
       9492
       9517
       9525
       9595
       9605
       9766
       9573
       9210
       9520
       9344
       9327
       9354
       9479
       9489
       9496
       9481
       9338
       9271
       9355
       9291
       9493
       9593
       9490
       9303
       9309
       9600
       9495
       9457
       9559
       9542
       9484
       9531
       9588
       9376
       9449
       9532
       9472
       9481
       9724
       9490
       9844
       10022
       10512
       12186
       14156
       15928
       16691
       15289
       13370
       11280
       10497
       9962
       9824
       9717
       9745
       9869
       9868
       9711
       9755
       9789
       10041
       9919
       9741
       9783
       9906
       9860
       9897
       10058
       9851
       9872
       9834
       9968
       9923
       9838
       10001
       9998
       9901
       9914
       9970
       10045
       10074
       10061
       10021
       10061
       10063
       9948
       9838
       10047
       9889
       10180
       10039
       10103
       10280
       10165
       10303
       10066
       10164
       9949
       9992
       9948
       10252
       9971
       10149
       10057
       10076
       10035
       10112
       10118
       10185
       10168
       10128
       10329
       10653
       11413
       12594
       13263
       13655
       13315
       12077
       11401
       10529
       10143
       10113
       9953
       10230
       10237
       10122
       10133
       10162
       10566
       10877
       11438
       12084
       12546
       12455
       11735
       11125
       10324
       10221
       10352
       10145
       10224
       10068
       10064
       10098
       9936
       9937
       10038
       10030
       9951
       9901
       10071
       10116
       10029
       10129
       10036
       10020
       10096
       9802
       9934
       9962
       10105
       9985
       10093
       10003
       10236
       10097
       10182
       10000
       10084
       9982
       10087
       9831
       9990
       10070
       9883
       9910
       9810
       9868
       9857
       9836
       9940
       9876
       9968
       9853
       9700
       9639
       9897
       9652
       9747
       9814
       9816
       9755
       9606
       9621
       9703
       9624
       9754
       9646
       9803
       9575
       9775
       9588
       9543
       9572
       9551
       9541
       9512
       9567
       9464
       9521
       9564
       9499
       9518
       9422
       9437
       9465
       9733
       9983
       10166
       10609
       10421
       10433
       10040
       9637
       9605
       9395
       9326
       9420
       9282
       9209
       9386
       9291
       9120
       9317
       9236
       9290
       9262
       9497
       9709
       9546
       9465
       9436
       9280
       9224
       9058
       9104
       9069
       8977
       9101
       8779
       9063
       8940
       9068
       9090
       9099
       8950
       9017
       8976
       8717
       8785
       8901
       8952
       8900
       8752
       8851
       8778
       8766
       8802
       8726
       8730
       8762
       8677
       8627
       8740
       8675
       8759
       8732
       8709
       8539
       8809
       8657
       8715
       8727
       8495
       8820
       8973
       8747
       8675
       8612
       8694
       8722
       8364
       8802
       8470
       8548
       8627
       8609
       8843
       8775
       8709
       8889
       9265
       10734
       15499
       28371
       55344
       97927
       143491
       171479
       161470
       121913
       74292
       38244
       19218
       11361
       8754
       8293
       8196
       8236
       8252
       8223
       8141
       7862
       8117
       8205
       8448
       8265
       8239
       8472
       8370
       8136
       8233
       7956
       7950
       8082
       7994
       7916
       7719
       7913
       8010
       8102
       8012
       8046
       8009
       7710
       7855
       7884
       7866
       7912
       8166
       8090
       7858
       8070
       7841
       7999
       7900
       7796
       7944
       7753
       8003
       7836
       7920
       7951
       7980
       7904
       7852
       7796
       7672
       7782
       7983
       7655
       7759
       7840
       7881
       7944
       7804
       7884
       8028
       7878
       7938
       7759
       7934
       7679
       7699
       7664
       7876
       7672
       7663
       7719
       7722
       7514
       7726
       7864
       7809
       7657
       7781
       7663
       7619
       7638
       7451
       7474
       7599
       7323
       7454
       7703
       7311
       7475
       7280
       7344
       7337
       7495
       7246
       7123
       7191
       7157
       7124
       6973
       7025
       6993
       7117
       7071
       7168
       7147
       7002
       7202
       7113
       7068
       7081
       7119
       7056
       7185
       6975
       7128
       6921
       7137
       6997
       7000
       7005
       6823
       7026
       6974
       6866
       6964
       6922
       7085
       7090
       7010
       6975
       6985
       7036
       7071
       6944
       6849
       6968
       6881
       6840
       6842
       6915
       7068
       6800
       6793
       6834
       6855
       7031
       6836
       6917
       6919
       6976
       6938
       6941
       6878
       6852
       6810
       6877
       6776
       6686
       6915
       6859
       6878
       6803
       6718
       6785
       6672
       6796
       6845
       6892
       6712
       6751
       6782
       6672
       6781
       6812
       6829
       6826
       6845
       6669
       6756
       6742
       6656
       6858
       6871
       6777
       6631
       6880
       6788
       6733
       6677
       6839
       6823
       6770
       6746
       6747
       6651
       6587
       6691
       6692
       6711
       6563
       6513
       6624
       6578
       6596
       6541
       6667
       6608
       6647
       6607
       6620
       6604
       6632
       6545
       6544
       6658
       6581
       6556
       6546
       6558
       6438
       6557
       6479
       6446
       6496
       6657
       6634
       6564
       6695
       6645
       6540
       6508
       6564
       6369
       6349
       6451
       6335
       6367
       6481
       6460
       6383
       6496
       6577
       6678
       6737
       6656
       6417
       6639
       6305
       6257
       6313
       6359
       6198
       6259
       6175
       6249
       6365
       6250
       6299
       6185
       6249
       6277
       6337
       6150
       6058
       6162
       6183
       6230
       6014
       6205
       6279
       6235
       6180
       6451
       6551
       6420
       6478
       6345
       6449
       6285
       6217
       6093
       6215
       6131
       6195
       6155
       6067
       6277
       6326
       6221
       6415
       6191
       6355
       6193
       6086
       6168
       6087
       6256
       6040
       6015
       6075
       6176
       5974
       6029
       6199
       6012
       6145
       6071
       6110
       6166
       6430
       6755
       7446
       8057
       8590
       9104
       8767
       8430
       7914
       7645
       7229
       6880
       6488
       6360
       6117
       6066
       6050
       6061
       6092
       5970
       6054
       5974
       5961
       6036
       5985
       5931
       6048
       5886
       6107
       5943
       5982
       5851
       5927
       5982
       5999
       5869
       6034
       5989
       6002
       5965
       6017
       6105
       6063
       6189
       6178
       6061
       6097
       5941
       5991
       5948
       6020
       6020
       5977
       6018
       5895
       5904
       5885
       5962
       5883
       5998
       5868
       5917
       5968
       5919
       6036
       6030
       5918
       5965
       6031
       6002
       5949
       5929
       5856
       5895
       5831
       5919
       5893
       5988
       5983
       5909
       5978
       6011
       5885
       5969
       6070
       5841
       5886
       5894
       6044
       5897
       5972
       5948
       5898
       5838
       6052
       5930
       5983
       5981
       5983
       5887
       5937
       5920
       5955
       5862
       5862
       5917
       5752
       5956
       5986
       6074
       5899
       5944
       5809
       5855
       6068
       6012
       6256
       6350
       6351
       6231
       6261
       6184
       5829
       5994
       5928
       5848
       5959
       5900
       5962
       6003
       5897
       6008
       6023
       6014
       5855
       5975
       5952
       5973
       5978
       5890
       6011
       5940
       5944
       6007
       5890
       5815
       5919
       5889
       6047
       5873
       5871
       5909
       5906
       5871
       6006
       5911
       5936
       5959
       5882
       5995
       5949
       5927
       5847
       5906
       6015
       5746
       5877
       5953
       5894
       5922
       5842
       5859
       5926
       6049
       5966
       5947
       5864
       5949
       5891
       6043
       5885
       5826
       5864
       5732
       5851
       5989
       5934
       5921
       6049
       5948
       5993
       5963
       5932
       6068
       5972
       5866
       5957
       5936
       5865
       5802
       5799
       6013
       5983
       5930
       5893
       5832
       5907
       6017
       5963
       5769
       5961
       5910
       5780
       5929
       6018
       5927
       5948
       5985
       5926
       5955
       6096
       6043
       6471
       6560
       6911
       7112
       7190
       6751
       6645
       6338
       6122
       6042
       5882
       6101
       5949
       5961
       5834
       5957
       6029
       6070
       6078
       6073
       6003
       5815
       5893
       6131
       5845
       5929
       6056
       5947
       5940
       5913
       5989
       5819
       5944
       6017
       6034
       5981
       5943
       6077
       6112
       6184
       6516
       7410
       8955
       11007
       12803
       14094
       13812
       12305
       10132
       8263
       6870
       6300
       6211
       6083
       6018
       6026
       6068
       5789
       6144
       6002
       5986
       5951
       6002
       6084
       6022
       5993
       6000
       6050
       5963
       5937
       5901
       5999
       5935
       5916
       5990
       5993
       6078
       5990
       5862
       5989
       5989
       6096
       5998
       5967
       6053
       6046
       6051
       6079
       6147
       6055
       6029
       6121
       6059
       6106
       6037
       5961
       6187
       5939
       6096
       5959
       6065
       6041
       6086
       5973
       6122
       6012
       6114
       6054
       6057
       6099
       6184
       6089
       6045
       5996
       6119
       6164
       6244
       6242
       6442
       6470
       6375
       6366
       6226
       6095
       6171
       6098
       6191
       6119
       5997
       6148
       6055
       6067
       6351
       6463
       7028
       7656
       8320
       8557
       8501
       7978
       7495
       6794
       6464
       6283
       6280
       6215
       6434
       6336
       6388
       6279
       6322
       6272
       6195
       6142
       6240
       6102
       6093
       6077
       6087
       6159
       6280
       6177
       6182
       6384
       6334
       6675
       6906
       7004
       6916
       6849
       6693
       6365
       6443
       6149
       6144
       6079
       6203
       6079
       6166
       6095
       6077
       5951
       6097
       6029
       6044
       6054
       6025
       6050
       6094
       5965
       5830
       6197
       5986
       6120
       5937
       5937
       6038
       6002
       6084
       6101
       5925
       5920
       6021
       5952
       5955
       5744
       6024
       5888
       6026
       5827
       5862
       5872
       5924
       5843
       5889
       5977
       5939
       5958
       5733
       5837
       5834
       6014
       5771
       5842
       5874
       5908
       5885
       5787
       5828
       5776
       5741
       5701
       5721
       5803
       5787
       5803
       5725
       5812
       5661
       5687
       5757
       5704
       5832
       5736
       5835
       5823
       5874
       6491
       7642
       11428
       19604
       36673
       63663
       97785
       129195
       144671
       135858
       107004
       71838
       41158
       21810
       11715
       7413
       6118
       5541
       5523
       5473
       5344
       5504
       5383
       5482
       5442
       5322
       5350
       5348
       5341
       5317
       5338
       5412
       5273
       5333
       5430
       5182
       5405
       5382
       5331
       5473
       5400
       5361
       5242
       5417
       5498
       5466
       5453
       5339
       5420
       5414
       5270
       5361
       5418
       5407
       5130
       5308
       5226
       5313
       5300
       5339
       5404
       5250
       5456
       5231
       5211
       5074
       5186
       5411
       5247
       5295
       5177
       5322
       5321
       5403
       5583
       6269
       6794
       7535
       8742
       9710
       10872
       11928
       11896
       10966
       9656
       7926
       6578
       5675
       5521
       5418
       5347
       5298
       5300
       5234
       5219
       5214
       5151
       5322
       5317
       5316
       5243
       5325
       5150
       5298
       5128
       5254
       5235
       5175
       5188
       5229
       5081
       5294
       5311
       5188
       5109
       5235
       5104
       5221
       5101
       5165
       5247
       5194
       5116
       5053
       5284
       5207
       5147
       5088
       5122
       5075
       5082
       5046
       5064
       5169
       5071
       5083
       5093
       5001
       5212
       5149
       5047
       5031
       5028
       5188
       5016
       4932
       5093
       5075
       5176
       4952
       5186
       5077
       5093
       5052
       5086
       5137
       5151
       5297
       5670
       6684
       9106
       13946
       22089
       32497
       42734
       49344
       47785
       40248
       29460
       19147
       11806
       7785
       6054
       5199
       5116
       4993
       4878
       5007
       4933
       5073
       4941
       5089
       5274
       5231
       5650
       5565
       5691
       5492
       5369
       5148
       5076
       5054
       4895
       4905
       4899
       5052
       4871
       4933
       4958
       4838
       4968
       5051
       5011
       4876
       5021
       4940
       4934
       4912
       4960
       4999
       4877
       4754
       5002
       4889
       4944
       4993
       4938
       4862
       4937
       4897
       5048
       4823
       4917
       4932
       4929
       4957
       5166
       5530
       5929
       6658
       7195
       7366
       7409
       6864
       6143
       5593
       5238
       5200
       5002
       4961
       4944
       4852
       4969
       4806
       4923
       4922
       4915
       4966
       4845
       4916
       4897
       4986
       5004
       4979
       5003
       5102
       5045
       4911
       4926
       4955
       4849
       4959
       4972
       5002
       4807
       4966
       4782
       4964
       5080
       5010
       4901
       4996
       4856
       5000
       4964
       4948
       4905
       4955
       4921
       5027
       5010
       5045
       4917
       4888
       4776
       5023
       5045
       4930
       4890
       4841
       4935
       4899
       4945
       4823
       4985
       4985
       4907
       4792
       4886
       4871
       4900
       4910
       4904
       5077
       4972
       5046
       5012
       4939
       4896
       4850
       4915
       4835
       4885
       5052
       5034
       4996
       4951
       5002
       5011
       5057
       5052
       4890
       4819
       5086
       4963
       4857
       4887
       4923
       4923
       4963
       4936
       4982
       4927
       4997
       5012
       4914
       4959
       4979
       4921
       4933
       4874
       4898
       4928
       5007
       4917
       4893
       4887
       4919
       4964
       4965
       5015
       5027
       4963
       5132
       4816
       4904
       5054
       4949
       4962
       5009
       4955
       4799
       4930
       5036
       4970
       4997
       5152
       5027
       5142
       5158
       5202
       5145
       5287
       5177
       5344
       5368
       5389
       5414
       5413
       5403
       5307
       5207
       5225
       5078
       5067
       5105
       5140
       4943
       5042
       4946
       5016
       4980
       5056
       4915
       5056
       5046
       5038
       4960
       4998
       5126
       4955
       5109
       5117
       5058
       5275
       5254
       5450
       5604
       5398
       5362
       5265
       5219
       5167
       4999
       4953
       4995
       5005
       5030
       5109
       4827
       4992
       5036
       5000
       4995
       4979
       4991
       5101
       5054
       5101
       5027
       4969
       5056
       4983
       5105
       4946
       5028
       5031
       4987
       5033
       4942
       4951
       4986
       4998
       4906
       4925
       5150
       4966
       4918
       5036
       4958
       5055
       5027
       4875
       4826
       4889
       4917
       5061
       5097
       4907
       4803
       4961
       4904
       4950
       4806
       4943
       4812
       5091
       4921
       4833
       4989
       5013
       4990
       4904
       5198
       5032
       4962
       4757
       4914
       4822
       4930
       4992
       4843
       5020
       4889
       4885
       4752
       4641
       4670
       4538
       4447
       4343
       4449
       4562
       4415
       4332
       4341
       4394
       4500
       4377
       4364
       4289
       4233
       4468
       4252
       4351
       4339
       4165
       4365
       4274
       4250
       4314
       4233
       4206
       4242
       4265
       4272
       4076
       4288
       4209
       4084
       4157
       4250
       4088
       4182
       4252
       4224
       4262
       4287
       4269
       4223
       4196
       4155
       4259
       4209
       4234
       4122
       4098
       4092
       4186
       4030
       4041
       4126
       4267
       4128
       4153
       4178
       4133
       4015
       4051
       4191
       4125
       4089
       4172
       4083
       4184
       4203
       4106
       4051
       4163
       4037
       3933
       3997
       4093
       4095
       4082
       4142
       4145
       4162
       4044
       4036
       4098
       4067
       4046
       3956
       3997
       4041
       4237
       4346
       4616
       5294
       5722
       6190
       6460
       6375
       5847
       5382
       4781
       4449
       4183
       4154
       4118
       4068
       4072
       3892
       3999
       3850
       3978
       3966
       4017
       3961
       3952
       3893
       3992
       3971
       4062
       3960
       3819
       3949
       3911
       3923
       3819
       3987
       3863
       3960
       3929
       3974
       4012
       3779
       3904
       3849
       3800
       3903
       3776
       3722
       3890
       3791
       3822
       3822
       3812
       3913
       3819
       3994
       3873
       3879
       3954
       3909
       3921
       3804
       3886
       3905
       3866
       3729
       3782
       3902
       3687
       3714
       3711
       3649
       3726
       3790
       3798
       3795
       3689
       3628
       3876
       3749
       3783
       3815
       3762
       3762
       3711
       3802
       3695
       3758
       3671
       3516
       3661
       3768
       3784
       3793
       3516
       3618
       3651
       3574
       3653
       3725
       3741
       3678
       3596
       3677
       3671
       3708
       3750
       3882
       3946
       4515
       5457
       6817
       8638
       10409
       11230
       11088
       10024
       8223
       6429
       5158
       4276
       3949
       3636
       3761
       3603
       3605
       3659
       3597
       3612
       3700
       3593
       3607
       3569
       3707
       3546
       3595
       3664
       3625
       3617
       3640
       3653
       3580
       3618
       3598
       3696
       3565
       3657
       3714
       3719
       3909
       4472
       5811
       8509
       13293
       20938
       29786
       39299
       44583
       44719
       39075
       29737
       20279
       12577
       7934
       5329
       4211
       3802
       3618
       3600
       3537
       3624
       3561
       3650
       3572
       3673
       3525
       3558
       3500
       3519
       3545
       3545
       3498
       3548
       3607
       3623
       3792
       3665
       3817
       4031
       4754
       6170
       9412
       15516
       25038
       37016
       49175
       57474
       58383
       51095
       39503
       26665
       16607
       9629
       6333
       4632
       3960
       3789
       3615
       3574
       3452
       3541
       3422
       3410
       3398
       3447
       3653
       3791
       4114
       5039
       6775
       9370
       12714
       16194
       18329
       18878
       17023
       13685
       9913
       7171
       5213
       4106
       3689
       3477
       3521
       3328
       3457
       3400
       3285
       3399
       3302
       3374
       3258
       3382
       3318
       3345
       3235
       3376
       3390
       3571
       3671
       3703
       3972
       3957
       4166
       3997
       3992
       3684
       3554
       3439
       3449
       3384
       3331
       3347
       3420
       3433
       3362
       3234
       3398
       3342
       3343
       3349
       3290
       3349
       3322
       3329
       3335
       3276
       3311
       3402
       3338
       3363
       3245
       3384
       3298
       3270
       3336
       3381
       3257
       3294
       3384
       3376
       3362
       3324
       3318
       3320
       3336
       3272
       3428
       3376
       3544
       3542
       3832
       4209
       4875
       5324
       5742
       5767
       5486
       4946
       4500
       4051
       3582
       3386
       3313
       3449
       3374
       3280
       3372
       3298
       3376
       3412
       3307
       3282
       3259
       3334
       3321
       3247
       3370
       3387
       3287
       3268
       3405
       3226
       3387
       3298
       3303
       3442
       3243
       3390
       3466
       3444
       3388
       3404
       3385
       3573
       3886
       4721
       6337
       9569
       14338
       20974
       28307
       34029
       35899
       33109
       27594
       20178
       13253
       8459
       5817
       4232
       3716
       3504
       3328
       3198
       3335
       3355
       3307
       3355
       3402
       3376
       3367
       3299
       3416
       3359
       3271
       3346
       3359
       3340
       3386
       3379
       3245
       3357
       3278
       3331
       3317
       3333
       3383
       3201
       3301
       3307
       3256
       3228
       3345
       3310
       3354
       3317
       3359
       3237
       3395
       3362
       3341
       3312
       3231
       3419
       3297
       3387
       3311
       3509
       3580
       3665
       3768
       3926
       3928
       4056
       3750
       3702
       3497
       3408
       3442
       3284
       3368
       3372
       3369
       3336
       3324
       3397
       3328
       3299
       3338
       3317
       3371
       3373
       3390
       3276
       3293
       3312
       3349
       3359
       3320
       3290
       3412
       3309
       3354
       3428
       3305
       3294
       3211
       3385
       3291
       3411
       3409
       3350
       3366
       3314
       3274
       3254
       3337
       3361
       3370
       3282
       3420
       3333
       3240
       3391
       3443
       3387
       3425
       3345
       3402
       3437
       3440
       3337
       3351
       3322
       3264
       3498
       3423
       3587
       3707
       3623
       3637
       3501
       3545
       3426
       3350
       3403
       3353
       3346
       3376
       3354
       3346
       3237
       3289
       3299
       3395
       3409
       3414
       3464
       3467
       3465
       3537
       3623
       3558
       3715
       4265
       5084
       5960
       7122
       7925
       8241
       8057
       6921
       6026
       5002
       4128
       3682
       3517
       3446
       3405
       3326
       3212
       3366
       3258
       3276
       3299
       3318
       3278
       3427
       3630
       3908
       4112
       4200
       4404
       4285
       4020
       3813
       3609
       3250
       3234
       3158
       3050
       3175
       3140
       3173
       3027
       3054
       3143
       3067
       3104
       3123
       3052
       3106
       3012
       3256
       3094
       2959
       2983
       3078
       3003
       3062
       3006
       3059
       3027
       3042
       3036
       3045
       2978
       3018
       2921
       3102
       2945
       3026
       2970
       2967
       3050
       3086
       3061
       3013
       2983
       3026
       2963
       3119
       2964
       3072
       3000
       3054
       3021
       3010
       3100
       3059
       3064
       3093
       3081
       3095
       3377
       3538
       4344
       5723
       7729
       10053
       12833
       14892
       15673
       14595
       12226
       9693
       7170
       5403
       4104
       3457
       3098
       3071
       3039
       2986
       3022
       2923
       2935
       3054
       2989
       2931
       2977
       3047
       2872
       2946
       2949
       3033
       2974
       3070
       3007
       2997
       3019
       3031
       3008
       2922
       2933
       2978
       2975
       3060
       2933
       2939
       2940
       2954
       2992
       3005
       2906
       2998
       2959
       2915
       3053
       2932
       2977
       3038
       3013
       2977
       3065
       2941
       2986
       3030
       3040
       2922
       3031
       2887
       2909
       2951
       2910
       2968
       2937
       2934
       3032
       2941
       2963
       2871
       2925
       2905
       2999
       2995
       3000
       2936
       2930
       2966
       2984
       3001
       2917
       2922
       2955
       2941
       2866
       2932
       2866
       3065
       2956
       2987
       3000
       2964
       3016
       3013
       2995
       3131
       3198
       3321
       3486
       3692
       3820
       3980
       4234
       4275
       4241
       4117
       3827
       3466
       3279
       3207
       3056
       3009
       2951
       3123
       3037
       2953
       3099
       3133
       3044
       3086
       3028
       3140
       3056
       3288
       3128
       3216
       3439
       3987
       4873
       7444
       12760
       22878
       39993
       64066
       91521
       117689
       135051
       135462
       120583
       94215
       64679
       39398
       22191
       11604
       6420
       4239
       3286
       2998
       2917
       2983
       3058
       2904
       2922
       2899
       2856
       2860
       2893
       2868
       2828
       2966
       2885
       2838
       2923
       2785
       2870
       2938
       2860
       2835
       2929
       2944
       2818
       2837
       2811
       2851
       2931
       2866
       2981
       2921
       2897
       2827
       2876
       2859
       2853
       2844
       2867
       2872
       2919
       2918
       2832
       2836
       2775
       2836
       2835
       2813
       2836
       2871
       2961
       2850
       2864
       2937
       2878
       2813
       2771
       2893
       2879
       2849
       2943
       2892
       2843
       2830
       2945
       2888
       2856
       2862
       2950
       2921
       2869
       2888
       2848
       2803
       2911
       2848
       2863
       2944
       2923
       2982
       2872
       2906
       2858
       2868
       2975
       2950
       2860
       2957
       2963
       2945
       2863
       2967
       2940
       2861
       2841
       2988
       2956
       2944
       2961
       2918
       3056
       2969
       2880
       2972
       3038
       2957
       2982
       2994
       3015
       3009
       3044
       2945
       3005
       2924
       2972
       2915
       2962
       2879
       2935
       2955
       3012
       2991
       2974
       2982
       2988
       3009
       3061
       2974
       3057
       3165
       3433
       3920
       4856
       6980
       10467
       15191
       21092
       26626
       30110
       31107
       28336
       22936
       17295
       12036
       7731
       5376
       3965
       3339
       2991
       3052
       2896
       3000
       3098
       2996
       2947
       2887
       2960
       3016
       2986
       2950
       2993
       3037
       3107
       3017
       3033
       3121
       3171
       3191
       3227
       3113
       3180
       3169
       3179
       2984
       3066
       3055
       2985
       3114
       2981
       2988
       3022
       3030
       2955
       3049
       2978
       3012
       3022
       3051
       2957
       3078
       2992
       3041
       2983
       2925
       2957
       2924
       2981
       3057
       2979
       3027
       3094
       3009
       3051
       3139
       2929
       2998
       3032
       3086
       3027
       3070
       3033
       3030
       3023
       2981
       3108
       3046
       3041
       2988
       2974
       3075
       2998
       2953
       2950
       3044
       3092
       3075
       3041
       3028
       2969
       2924
       3015
       2985
       2987
       3138
       2981
       3059
       3092
       3131
       3107
       3091
       3041
       3047
       3015
       3117
       2960
       2999
       3083
       3019
       3094
       3054
       3089
       3078
       2959
       3141
       3141
       3186
       3131
       3117
       3104
       2983
       3054
       3034
       3044
       3054
       3168
       3033
       2980
       3036
       3049
       3056
       3081
       3051
       3081
       3162
       3073
       2930
       2966
       3037
       3021
       3114
       3032
       2988
       3004
       3007
       3095
       3062
       3028
       3077
       3015
       3047
       3000
       2920
       2903
       2960
       2956
       2980
       2955
       3027
       2818
       2990
       2861
       3000
       2958
       2948
       2828
       2849
       2847
       2825
       2880
       2822
       2808
       2786
       2817
       2844
       2850
       2867
       2744
       2765
       2785
       2789
       2811
       2794
       2763
       2685
       2720
       2660
       2772
       2725
       2750
       2706
       2704
       2802
       2737
       2823
       2707
       2734
       2668
       2620
       2460
       2563
       2441
       2442
       2493
       2463
       2427
       2418
       2499
       2347
       2360
       2389
       2332
       2285
       2292
       2422
       2339
       2318
       2414
       2349
       2366
       2345
       2290
       2378
       2264
       2312
       2302
       2353
       2241
       2265
       2267
       2224
       2246
       2299
       2268
       2299
       2213
       2214
       2301
       2306
       2315
       2223
       2250
       2222
       2193
       2226
       2248
       2206
       2292
       2277
       2280
       2198
       2197
       2387
       2469
       2801
       3106
       3583
       4332
       4890
       5116
       5216
       4944
       4191
       3810
       3176
       2719
       2484
       2236
       2226
       2206
       2114
       2147
       2135
       2078
       2126
       2155
       2100
       2106
       2081
       2124
       2104
       2079
       2133
       2209
       2098
       2107
       2100
       2130
       2128
       2114
       2083
       2071
       2071
       2014
       2047
       2141
       2178
       2158
       2058
       2099
       2140
       2153
       2159
       2167
       2105
       2013
       2108
       1998
       2107
       2080
       2072
       2040
       2021
       2001
       2027
       2002
       2026
       2035
       2042
       2026
       2058
       2054
       2119
       2062
       2098
       2060
       2139
       2080
       2040
       2056
       2004
       2145
       2056
       2068
       2006
       2085
       2078
       2050
       2047
       1927
       1976
       1999
       2037
       1972
       1992
       2041
       2003
       2056
       1983
       2091
       1975
       1977
       1967
       1990
       2043
       1983
       2009
       1971
       2015
       1962
       2038
       1998
       1989
       1959
       2024
       2078
       2150
       2021
       2010
       2036
       1993
       1972
       2039
       1964
       1915
       1877
       1916
       1961
       1942
       1909
       1966
       1945
       2018
       1923
       2027
       2167
       2446
       2798
       3328
       4043
       4797
       5041
       5320
       5155
       4708
       4287
       3584
       3051
       2626
       2265
       2178
       2064
       2003
       2040
       2005
       1940
       1909
       2062
       1921
       2015
       2178
       2334
       2665
       2929
       3096
       3179
       3092
       2907
       2680
       2401
       2137
       2040
       1902
       1974
       1881
       1857
       1805
       1892
       1859
       1859
       1923
       1865
       1911
       1958
       1915
       1815
       1865
       1845
       1922
       1821
       1849
       1889
       1854
       1873
       1802
       1848
       1779
       1783
       1834
       1892
       1794
       1825
       1837
       1793
       1879
       1809
       1839
       1880
       1831
       1898
       1791
       1815
       1827
       1823
       1808
       1826
       1837
       1826
       1824
       1772
       1755
       1857
       1772
       1813
       1791
       1781
       1759
       1753
       1858
       1836
       1721
       1669
       1841
       1820
       1772
       1795
       1844
       1771
       1798
       1808
       1786
       1766
       1749
       1805
       1794
       1825
       1743
       1828
       1849
       1815
       1852
       1891
       1901
       1966
       2171
       2462
       3172
       4677
       7737
       12806
       20695
       31399
       44172
       55792
       63591
       64966
       59807
       49533
       37289
       25051
       15248
       8771
       4969
       3089
       2099
       1966
       1805
       1729
       1692
       1684
       1666
       1677
       1677
       1679
       1607
       1699
       1687
       1651
       1652
       1790
       1762
       1772
       1928
       2045
       2125
       2176
       2192
       2115
       2091
       2012
       1952
       1870
       1808
       1641
       1741
       1657
       1573
       1549
       1653
       1594
       1603
       1605
       1596
       1621
       1629
       1662
       1573
       1556
       1490
       1508
       1593
       1620
       1589
       1558
       1553
       1545
       1583
       1570
       1558
       1549
       1620
       1662
       1529
       1648
       1591
       1583
       1528
       1608
       1589
       1610
       1530
       1527
       1559
       1652
       1759
       1849
       2094
       2519
       2941
       3373
       3970
       4110
       4081
       3843
       3298
       2910
       2416
       2086
       1731
       1619
       1606
       1548
       1535
       1525
       1529
       1502
       1531
       1556
       1526
       1537
       1510
       1535
       1514
       1541
       1513
       1559
       1514
       1597
       1546
       1530
       1515
       1609
       1527
       1494
       1509
       1577
       1543
       1576
       1519
       1415
       1587
       1543
       1583
       1719
       1848
       2034
       2484
       3015
       3837
       4600
       5552
       5797
       5861
       5447
       4714
       3793
       2888
       2423
       2001
       1756
       1589
       1563
       1592
       1534
       1572
       1533
       1496
       1501
       1511
       1483
       1518
       1510
       1463
       1486
       1480
       1526
       1511
       1447
       1499
       1481
       1573
       1558
       1583
       1402
       1522
       1497
       1500
       1574
       1506
       1430
       1480
       1530
       1531
       1489
       1485
       1448
       1504
       1474
       1462
       1511
       1501
       1519
       1605
       1515
       1497
       1437
       1537
       1496
       1458
       1471
       1506
       1472
       1506
       1534
       1478
       1550
       1500
       1482
       1518
       1534
       1451
       1446
       1505
       1439
       1485
       1489
       1540
       1412
       1525
       1547
       1517
       1555
       1558
       1610
       1539
       1516
       1460
       1534
       1678
       1687
       1772
       1785
       1843
       1738
       1820
       1697
       1680
       1607
       1583
       1544
       1447
       1536
       1547
       1480
       1466
       1484
       1498
       1522
       1508
       1526
       1539
       1568
       1538
       1545
       1548
       1480
       1445
       1461
       1521
       1467
       1504
       1487
       1462
       1575
       1504
       1561
       1563
       1515
       1566
       1527
       1526
       1552
       1530
       1478
       1472
       1519
       1550
       1480
       1504
       1509
       1533
       1431
       1560
       1516
       1559
       1549
       1521
       1514
       1598
       1489
       1540
       1504
       1480
       1541
       1543
       1517
       1563
       1575
       1466
       1536
       1537
       1516
       1522
       1459
       1558
       1488
       1421
       1498
       1533
       1508
       1528
       1543
       1522
       1457
       1595
       1587
       1591
       1540
       1514
       1535
       1559
       1563
       1533
       1551
       1560
       1605
       1512
       1565
       1542
       1517
       1492
       1532
       1581
       1512
       1564
       1600
       1565
       1614
       1613
       1495
       1583
       1493
       1530
       1541
       1565
       1601
       1580
       1521
       1580
       1587
       1567
       1544
       1583
       1525
       1534
       1602
       1557
       1615
       1543
       1572
       1611
       1542
       1601
       1475
       1549
       1550
       1573
       1580
       1663
       1557
       1632
       1628
       1662
       1589
       1560
       1616
       1602
       1574
       1614
       1580
       1638
       1531
       1620
       1591
       1598
       1627
       1677
       1608
       1604
       1628
       1624
       1573
       1587
       1655
       1661
       1662
       1662
       1592
       1610
       1602
       1582
       1539
       1642
       1619
       1687
       1538
       1567
       1627
       1663
       1669
       1647
       1670
       1688
       1634
       1624
       1665
       1609
       1630
       1589
       1687
       1622
       1635
       1631
       1677
       1575
       1713
       1681
       1644
       1554
       1726
       1675
       1727
       1668
       1585
       1649
       1606
       1605
       1641
       1712
       1661
       1739
       1717
       1675
       1710
       1679
       1635
       1669
       1739
       1706
       1654
       1671
       1638
       1687
       1651
       1668
       1731
       1679
       1735
       1674
       1639
       1777
       1716
       1785
       1663
       1712
       1744
       1730
       1670
       1749
       1779
       1716
       1734
       1690
       1699
       1628
       1734
       1718
       1720
       1787
       1710
       1768
       1842
       1752
       1766
       1876
       1781
       1826
       1801
       1779
       1803
       1701
       1851
       1769
       1736
       1775
       1768
       1740
       1775
       1699
       1796
       1800
       1779
       1763
       1800
       1812
       1800
       1743
       1843
       1862
       1762
       1698
       1783
       1814
       1831
       1778
       1735
       1864
       1842
       1849
       1794
       1807
       1783
       1868
       1894
       1836
       1806
       1864
       1927
       1792
       1733
       1894
       1832
       1901
       1886
       1860
       1931
       1900
       1959
       2081
       2339
       2920
       4032
       5836
       8890
       13926
       20756
       29622
       37690
       44677
       48187
       47972
       43359
       35068
       26027
       17797
       11490
       7006
       4268
       3017
       2253
       2048
       1894
       1868
       1866
       1886
       1944
       1910
       1906
       1858
       1907
       1907
       1965
       1962
       1986
       2057
       2245
       2615
       3125
       4488
       6797
       11065
       18030
       28347
       41497
       56025
       69731
       79555
       81369
       77161
       65966
       51076
       36043
       23334
       13925
       8049
       4817
       3076
       2288
       2009
       1989
       1924
       1837
       1896
       1833
       1875
       1858
       1846
       1855
       1809
       1876
       1829
       1839
       1813
       1806
       1854
       1841
       1846
       1813
       1851
       1867
       1840
       1789
       1805
       1825
       1849
       1826
       1818
       1842
       1822
       1859
       1825
       1872
       1846
       1897
       1818
       1899
       1823
       1859
       1873
       1876
       1946
       1995
       1864
       1904
       1906
       1837
       1848
       1902
       1837
       1857
       1901
       1877
       1874
       1883
       1964
       1943
       1902
       1932
       1897
       1798
       1887
       1912
       1894
       1886
       1830
       1892
       1929
       1810
       1939
       1944
       1865
       1910
       1920
       1930
       1870
       1906
       1981
       1934
       1998
       1940
       2038
       1942
       2094
       1954
       1927
       1978
       2033
       2013
       1992
       1992
       2036
       1970
       1948
       1936
       1951
       1965
       1939
       2004
       1975
       1942
       2013
       1921
       1912
       1937
       2046
       2023
       1946
       1949
       2004
       2030
       1998
       1957
       1987
       1987
       2006
       1967
       1918
       2010
       1980
       2045
       1990
       2033
       2014
       2003
       1997
       2051
       1982
       2033
       2002
       1983
       1989
       1967
       2020
       2011
       2043
       2013
       2002
       2121
       1955
       2058
       2016
       2098
       1982
       2011
       2015
       2058
       2018
       1946
       2074
       1959
       2114
       2109
       2064
       1998
       1964
       2007
       2071
       2053
       2115
       2005
       2017
       2027
       2074
       2045
       2090
       2012
       2072
       2061
       2174
       2076
       2085
       2240
       2224
       2240
       2189
       2237
       2302
       2292
       2211
       2117
       2170
       2097
       2117
       2072
       2006
       2107
       2185
       2083
       2035
       2113
       2010
       2025
       2085
       2083
       2085
       2018
       2051
       2086
       2158
       2081
       2121
       2060
       2111
       2062
       2056
       1989
       2094
       2041
       2014
       2046
       1934
       1958
       2003
       1963
       1920
       2018
       2042
       1992
       1961
       1946
       1980
       1972
       1930
       1983
       1937
       1891
       1895
       1928
       1822
       1900
       1814
       1893
       1843
       1776
       1790
       1779
       1791
       1757
       1778
       1679
       1691
       1648
       1643
       1586
       1607
       1624
       1550
       1521
       1509
       1525
       1536
       1488
       1500
       1479
       1409
       1446
       1502
       1405
       1439
       1364
       1380
       1411
       1340
       1363
       1330
       1336
       1388
       1320
       1308
       1272
       1376
       1276
       1319
       1245
       1202
       1301
       1371
       1312
       1299
       1256
       1302
       1286
       1278
       1267
       1222
       1246
       1273
       1274
       1264
       1249
       1275
       1209
       1236
       1247
       1238
       1223
       1206
       1193
       1250
       1264
       1243
       1175
       1196
       1172
       1188
       1206
       1197
       1208
       1195
       1224
       1204
       1173
       1214
       1166
       1163
       1229
       1125
       1170
       1170
       1150
       1195
       1141
       1188
       1119
       1215
       1179
       1117
       1151
       1154
       1137
       1142
       1132
       1178
       1120
       1174
       1073
       1118
       1055
       1173
       1221
       1172
       1134
       1142
       1173
       1202
       1221
       1118
       1211
       1154
       1144
       1181
       1155
       1112
       1094
       1103
       1085
       1128
       1091
       1070
       1031
       1103
       1072
       1107
       1082
       1130
       1110
       1061
       1058
       1103
       1069
       1070
       1103
       1083
       999
       1024
       1022
       1076
       1034
       1030
       1003
       1012
       1037
       1043
       1009
       1042
       967
       1012
       1044
       1036
       1020
       1024
       978
       1055
       1038
       1015
       1019
       1020
       1017
       988
       997
       1019
       998
       1023
       1006
       983
       985
       987
       1014
       1052
       982
       976
       995
       1045
       953
       969
       977
       1006
       962
       1005
       912
       925
       967
       997
       971
       1004
       951
       962
       884
       881
       931
       951
       916
       947
       932
       939
       928
       927
       852
       926
       941
       965
       920
       974
       913
       826
       914
       936
       935
       911
       872
       950
       914
       942
       909
       936
       922
       847
       914
       916
       887
       915
       932
       868
       879
       885
       886
       869
       904
       872
       775
       865
       949
       868
       902
       865
       911
       863
       885
       866
       864
       898
       912
       950
       955
       995
       1074
       1102
       1217
       1272
       1273
       1212
       1202
       1140
       1034
       974
       956
       913
       817
       804
       797
       808
       789
       780
       805
       804
       777
       776
       778
       833
       707
       811
       804
       801
       779
       774
       797
       836
       831
       741
       832
       791
       806
       837
       789
       835
       838
       1014
       1123
       1224
       1427
       1624
       1810
       2023
       2091
       2069
       2002
       1955
       1816
       1481
       1273
       1089
       927
       895
       751
       761
       729
       701
       786
       707
       774
       742
       722
       696
       703
       724
       751
       697
       733
       680
       684
       655
       708
       699
       687
       665
       689
       631
       665
       693
       670
       625
       645
       687
       700
       668
       652
       687
       638
       697
       654
       732
       766
       853
       960
       1023
       1149
       1315
       1479
       1532
       1450
       1390
       1310
       1170
       953
       803
       762
       696
       588
       626
       619
       614
       558
       628
       574
       571
       596
       592
       587
       569
       629
       596
       583
       582
       594
       565
       587
       545
       558
       538
       528
       535
       574
       574
       554
       551
       565
       556
       586
       567
       555
       542
       559
       541
       530
       563
       518
       479
       532
       549
       562
       544
       493
       493
       539
       543
       527
       479
       527
       504
       458
       500
       527
       485
       471
       464
       469
       493
       448
       547
       462
       486
       473
       514
       466
       477
       465
       483
       432
       456
       546
       514
       538
       581
       600
       574
       614
       713
       616
       558
       559
       519
       522
       401
       406
       405
       445
       443
       451
       431
       428
       391
       430
       432
       418
       407
       408
       426
       430
       416
       421
       373
       445
       397
       450
       442
       440
       390
       441
       395
       387
       394
       374
       392
       405
       425
       431
       418
       378
       348
       396
       366
       353
       392
       397
       411
       375
       367
       420
       380
       381
       403
       362
       379
       397
       396
       395
       344
       377
       352
       363
       382
       361
       357
       376
       324
       359
       353
       357
       374
       352
       373
       323
       344
       368
       334
       346
       349
       325
       332
       353
       373
       355
       352
       323
       345
       357
       365
       316
       328
       394
       317
       318
       325
       315
       330
       350
       347
       337
       298
       324
       336
       320
       336
       326
       302
       314
       298
       313
       317
       302
       355
       357
       406
       406
       488
       539
       613
       640
       638
       604
       574
       580
       435
       424
       386
       357
       305
       311
       336
       329
       313
       307
       297
       304
       304
       282
       284
       313
       256
       278
       312
       285
       294
       310
       335
       290
       305
       307
       295
       289
       278
       307
       310
       286
       291
       315
       308
       312
       297
       298
       295
       317
       297
       325
       286
       268
       274
       273
       282
       295
       274
       269
       272
       303
       294
       276
       292
       296
       290
       265
       272
       284
       257
       307
       278
       288
       256
       280
       262
       251
       287
       293
       260
       295
       271
       287
       273
       275
       262
       258
       275
       271
       287
       283
       291
       301
       282
       273
       284
       281
       257
       269
       268
       259
       280
       280
       296
       265
       284
       248
       243
       262
       292
       314
       281
       273
       270
       336
       276
       278
       284
       276
       253
       282
       255
       287
       260
       253
       269
       261
       279
       303
       264
       257
       281
       251
       278
       295
       288
       268
       272
       285
       269
       276
       248
       288
       274
       290
       284
       231
       261
       260
       264
       270
       263
       305
       276
       270
       287
       266
       257
       269
       278
       265
       277
       245
       254
       281
       261
       231
       267
       268
       274
       258
       277
       238
       268
       270
       269
       266
       286
       262
       223
       240
       258
       240
       265
       247
       266
       275
       276
       265
       254
       266
       268
       296
       254
       235
       284
       251
       243
       259
       257
       250
       247
       272
       291
       243
       255
       271
       293
       265
       241
       251
       266
       241
       279
       252
       257
       254
       267
       251
       252
       253
       256
       277
       250
       250
       261
       267
       258
       263
       246
       237
       280
       281
       301
       315
       380
       431
       524
       547
       705
       724
       680
       674
       607
       543
       442
       390
       365
       295
       321
       327
       293
       352
       411
       531
       696
       952
       1339
       1791
       2221
       2771
       2981
       3057
       3055
       2663
       2392
       1778
       1353
       908
       673
       475
       358
       347
       278
       263
       260
       246
       251
       249
       254
       285
       258
       247
       262
       255
       299
       272
       234
       239
       244
       289
       259
       253
       267
       284
       219
       283
       264
       250
       274
       234
       252
       235
       239
       249
       243
       227
       251
       265
       239
       264
       273
       284
       247
       260
       277
       283
       253
       246
       259
       297
       260
       270
       256
       275
       226
       257
       264
       279
       259
       271
       294
       281
       263
       307
       263
       277
       281
       284
       276
       279
       291
       246
       288
       294
       283
       290
       293
       263
       299
       343
       325
       316
       301
       331
       326
       316
       306
       293
       309
       335
       351
       327
       334
       352
       331
       383
       430
       431
       411
       472
       502
       560
       664
       805
       1207
       1831
       3068
       4986
       8791
       14751
       24072
       36818
       52805
       70141
       88069
       102868
       111433
       111726
       104094
       88744
       70592
       51330
       34626
       21483
       12325
       6642
       3446
       1562
       845
       437
       321
       266
       240
       213
       209
       200
       207
       170
       215
       169
       166
       169
       165
       166
       177
       159
       193
       163
       174
       159
       156
       155
       154
       160
       154
       167
       176
       148
       149
       178
       148
       124
       153
       141
       137
       130
       132
       160
       131
       142
       146
       131
       145
       142
       153
       114
       152
       140
       132
       151
       155
       169
       204
       225
       228
       209
       215
       233
       192
       219
       214
       197
       228
       201
       167
       165
       152
       133
       148
       116
       152
       130
       121
       137
       151
       156
       150
       159
       167
       169
       138
       134
       136
       136
       137
       125
       115
       109
       112
       131
       137
       116
       116
       114
       133
       118
       126
       113
       113
       117
       121
       114
       114
       101
       105
       117
       118
       117
       130
       125
       105
       139
       103
       110
       124
       107
       110
       127
       119
       108
       129
       138
       104
       106
       124
       117
       124
       130
       108
       113
       125
       121
       111
       114
       148
       103
       117
       139
       136
       124
       126
       130
       112
       131
       137
       126
       122
       124
       122
       133
       150
       140
       108
       141
       119
       136
       113
       114
       110
       101
       101
       110
       128
       132
       106
       107
       118
       114
       120
       130
       117
       117
       137
       143
       132
       141
       139
       125
       139
       131
       137
       110
       109
       120
       108
       104
       113
       120
       120
       112
       112
       137
       126
       115
       124
       124
       101
       117
       126
       127
       128
       151
       110
       105
       127
       142
       130
       115
       121
       113
       117
       121
       105
       121
       129
       91
       101
       110
       120
       122
       106
       110
       115
       105
       117
       116
       112
       122
       130
       112
       88
       115
       118
       104
       116
       107
       123
       109
       123
       105
       114
       95
       94
       141
       118
       107
       101
       109
       124
       119
       98
       113
       111
       117
       98
       100
       128
       103
       109
       102
       117
       124
       115
       114
       120
       121
       97
       115
       101
       106
       116
       121
       130
       104
       101
       120
       112
       117
       93
       128
       112
       111
       107
       118
       123
       97
       115
       115
       120
       94
       110
       103
       114
       98
       132
       111
       112
       122
       106
       118
       124
       121
       109
       104
       89
       113
       124
       124
       126
       156
       155
       142
       138
       147
       174
       160
       160
       143
       167
       133
       142
       128
       126
       120
       114
       121
       116
       105
       106
       106
       115
       131
       102
       79
       116
       104
       126
       105
       115
       113
       123
       122
       105
       124
       122
       109
       123
       96
       115
       100
       133
       121
       102
       119
       122
       129
       124
       139
       114
       103
       138
       116
       129
       131
       141
       106
       127
       112
       118
       130
       109
       148
       120
       100
       119
       147
       115
       116
       121
       120
       110
       102
       131
       120
       119
       115
       111
       101
       117
       124
       120
       103
       124
       100
       117
       101
       114
       121
       114
       137
       130
       130
       126
       104
       150
       125
       145
       123
       144
       129
       142
       113
       120
       108
       118
       115
       115
       107
       98
       119
       117
       104
       116
       99
       99
       121
       114
       102
       105
       104
       108
       112
       117
       114
       97
       113
       102
       89
       117
       110
       107
       99
       109
       98
       93
       101
       96
       101
       103
       94
       108
       97
       98
       104
       104
       91
       92
       112
       113
       104
       83
       87
       120
       83
       96
       92
       110
       84
       101
       101
       89
       95
       90
       100
       94
       90
       97
       83
       87
       98
       102
       103
       81
       83
       77
       89
       94
       85
       89
       102
       88
       97
       88
       76
       92
       105
       72
       88
       92
       74
       98
       86
       78
       89
       78
       85
       84
       81
       96
       84
       69
       97
       84
       91
       99
       103
       88
       114
       87
       82
       93
       119
       132
       148
       196
       250
       357
       438
       557
       719
       836
       891
       909
       914
       824
       775
       560
       396
       294
       218
       164
       109
       70
       70
       54
       84
       82
       62
       68
       60
       58
       70
       61
       53
       67
       58
       74
       76
       70
       62
       62
       63
       60
       67
       66
       61
       67
       68
       67
       76
       70
       81
       83
       89
       80
       111
       117
       129
       130
       154
       143
       125
       130
       102
       114
       91
       85
       67
       81
       71
       73
       64
       50
       68
       58
       49
       68
       59
       65
       73
       68
       63
       64
       61
       62
       73
       82
       60
       61
       80
       72
       67
       66
       62
       57
       76
       74
       61
       84
       93
       82
       89
       101
       92
       93
       76
       120
       93
       83
       70
       72
       57
       52
       61
       66
       64
       53
       67
       47
       62
       67
       53
       50
       56
       61
       55
       66
       57
       66
       49
       59
       51
       60
       48
       54
       52
       34
       64
       57
       55
       62
       55
       50
       43
       40
       46
       58
       49
       58
       55
       53
       55
       41
       47
       61
       58
       58
       48
       37
       51
       53
       54
       52
       49
       46
       45
       42
       45
       49
       37
       62
       51
       53
       55
       48
       39
       47
       55
       59
       49
       46
       36
       54
       61
       50
       49
       53
       53
       55
       59
       49
       66
       49
       56
       43
       40
       44
       53
       41
       46
       47
       54
       48
       43
       61
       52
       41
       57
       43
       44
       41
       38
       63
       50
       51
       54
       34
       37
       41
       48
       52
       42
       49
       55
       40
       42
       42
       38
       47
       50
       49
       48
       54
       46
       41
       39
       47
       39
       51
       41
       38
       45
       36
       42
       40
       35
       50
       47
       29
       51
       43
       50
       45
       51
       41
       52
       51
       48
       36
       35
       39
       35
       38
       28
       44
       39
       44
       35
       38
       46
       39
       39
       43
       43
       46
       36
       32
       42
       36
       40
       46
       38
       46
       40
       47
       45
       44
       49
       41
       50
       56
       41
       62
       54
       44
       50
       61
       34
       40
       39
       56
       43
       45
       38
       32
       28
       38
       34
       43
       35
       31
       37
       33
       34
       39
       47
       42
       29
       30
       36
       46
       38
       30
       42
       44
       31
       28
       32
       32
       40
       29
       38
       38
       43
       28
       43
       30
       26
       37
       34
       39
       26
       36
       36
       25
       42
       41
       30
       38
       29
       38
       36
       30
       36
       39
       38
       34
       30
       36
       37
       33
       32
       37
       25
       21
       30
       32
       32
       34
       27
       34
       23
       32
       29
       29
       30
       26
       35
       36
       22
       19
       34
       36
       19
       27
       35
       25
       30
       32
       33
       29
       23
       42
       25
       33
       24
       32
       30
       27
       19
       29
       30
       34
       27
       27
       35
       25
       29
       29
       46
       26
       25
       33
       27
       36
       23
       30
       27
       42
       32
       29
       33
       26
       27
       34
       34
       42
       43
       66
       91
       128
       210
       308
       433
       621
       871
       1126
       1404
       1653
       1769
       1838
       1746
       1642
       1317
       1100
       771
       557
       338
       219
       141
       79
       51
       35
       34
       24
       22
       24
       20
       28
       20
       29
       23
       33
       21
       32
       25
       19
       20
       24
       19
       22
       25
       20
       21
       27
       21
       20
       26
       25
       26
       19
       26
       14
       24
       22
       17
       15
       26
       25
       18
       26
       19
       24
       16
       30
       23
       31
       22
       23
       11
       23
       15
       20
       10
       15
       24
       20
       19
       20
       24
       25
       18
       10
       20
       13
       17
       10
       18
       20
       20
       17
       22
       17
       13
       20
       20
       20
       16
       10
       12
       17
       12
       31
       18
       18
       18
       19
       12
       27
       11
       15
       16
       15
       20
       14
       21
       15
       12
       17
       19
       12
       15
       12
       21
       15
       26
       8
       18
       22
       19
       24
       21
       22
       20
       20
       19
       22
       18
       26
       16
       24
       21
       17
       25
       22
       29
       16
       20
       22
       13
       18
       16
       17
       17
       11
       14
       16
       20
       16
       17
       10
       19
       14
       16
       16
       12
       20
       20
       15
       26
       26
       27
       24
       31
       35
       28
       35
       33
       19
       26
       14
       22
       18
       15
       23
       23
       13
       15
       15
       10
       7
       21
       28
       20
       30
       23
       34
       56
       75
       92
       107
       144
       151
       172
       146
       167
       133
       112
       98
       66
       62
       37
       21
       19
       14
       13
       12
       15
       9
       15
       14
       12
       8
       20
       14
       11
       10
       12
       7
       10
       15
       11
       16
       10
       18
       21
       13
       14
       11
       16
       11
       11
       20
       13
       19
       14
       11
       20
       4
       11
       11
       16
       17
       12
       12
       9
       13
       12
       12
       15
       10
       10
       14
       16
       14
       15
       10
       12
       11
       17
       20
       5
       13
       9
       11
       22
       9
       12
       8
       12
       12
       13
       7
       8
       13
       16
       6
       17
       20
       13
       14
       7
       13
       9
       10
       9
       16
       19
       4
       12
       9
       11
       8
       11
       15
       10
       6
       10
       11
       8
       14
       19
       11
       14
       8
       13
       7
       21
       13
       4
       10
       6
       6
       8
       13
       5
       10
       9
       9
       14
       11
       10
       10
       7
       9
       11
       7
       7
       12
       16
       16
       18
       15
       17
       10
       6
       9
       6
       11
       12
       12
       11
       13
       11
       9
       13
       5
       8
       13
       10
       13
       12
       6
       13
       15
       13
       10
       12
       13
       9
       11
       3
       17
       8
       14
       16
       11
       18
       13
       14
       11
       12
       10
       12
       13
       22
       10
       7
       19
       8
       8
       8
       13
       12
       5
       9
       17
       14
       11
       10
       10
       9
       9
       10
       10
       10
       12
       12
       5
       10
       11
       12
       11
       8
       23
       13
       15
       7
       13
       16
       11
       12
       14
       11
       12
       11
       14
       20
       12
       16
       12
       12
       13
       14
       14
       15
       21
       22
       20
       22
       19
       9
       13
       19
       22
       17
       32
       27
       33
       47
       56
       80
       137
       218
       349
       518
       822
       1220
       1724
       2249
       2849
       3587
       4131
       4464
       4468
       4286
       3854
       3246
       2521
       1839
       1314
       842
       540
       274
       157
       82
       42
       18
       14
       13
       13
       3
       11
       7
       7
       5
       6
       10
       6
       8
       8
       8
       2
       5
       8
       4
       11
       5
       9
       9
       9
       7
       3
       6
       8
       6
       12
       5
       5
       3
       6
       7
       2
       6
       6
       4
       6
       10
       3
       4
       5
       4
       5
       4
       3
       4
       5
       5
       4
       2
       5
       6
       4
       7
       0
       2
       1
       5
       8
       10
       7
       6
       4
       2
       7
       7
       7
       2
       6
       3
       9
       15
       10
       10
       13
       14
       19
       14
       6
       14
       13
       7
       8
       6
       5
       2
       5
       2
       4
       4
       2
       5
       5
       3
       5
       0
       2
       4
       3
       2
       5
       3
       3
       3
       1
       3
       6
       3
       5
       7
       5
       6
       2
       6
       4
       5
       4
       3
       8
       2
       4
       6
       8
       5
       3
       6
       7
       6
       3
       1
       2
       3
       6
       2
       4
       4
       3
       3
       5
       4
       2
       5
       7
       3
       1
       5
       3
       3
       3
       2
       7
       1
       5
       3
       2
       1
       10
       1
       3
       4
       3
       2
       5
       5
       4
       2
       4
       4
       1
       4
       3
       3
       5
       6
       3
       9
       3
       10
       4
       2
       1
       4
       0
       5
       2
       3
       4
       3
       1
       1
       6
       5
       3
       3
       4
       3
       2
       1
       5
       2
       3
       4
       4
       4
       4
       3
       4
       2
       5
       3
       3
       3
       1
       2
       3
       3
       7
       4
       2
       3
       1
       0
       3
       1
       4
       3
       6
       3
       5
       3
       4
       1
       1
       6
       6
       1
       2
       0
       3
       6
       4
       5
       4
       2
       6
       2
       4
       3
       4
       5
       5
       2
       6
       0
       1
       1
       5
       2
       2
       5
       3
       2
       2
       2
       4
       5
       8
       5
       3
       6
       6
       5
       5
       2
       6
       1
       3
       3
       3
       5
       5
       3
       4
       3
       8
       7
       1
       8
       8
       4
       12
       6
       7
       8
       9
       7
       2
       6
       6
       1
       1
       3
       4
       2
       2
       4
       2
       3
       4
       0
       0
       3
       1
       2
       2
       2
       0
       2
       6
       2
       4
       7
       1
       5
       8
       12
       5
       11
       14
       8
       8
       4
       12
       3
       5
       3
       4
       1
       4
       3
       5
       7
       3
       1
       6
       4
       1
       4
       2
       5
       2
       1
       3
       3
       3
       2
       1
       2
       3
       1
       1
       5
       1
       0
       3
       3
       4
       2
       2
       3
       0
       1
       1
       3
       1
       1
       2
       5
       2
       5
       0
       1
       2
       3
       4
       5
       2
       1
       3
       3
       2
       3
       4
       3
       5
       3
       4
       2
       4
       3
       3
       5
       3
       3
       2
       4
       7
       2
       1
       8
       2
       2
       0
       3
       1
       4
       2
       5
       0
       3
       3
       2
       5
       5
       4
       6
       2
       6
       5
       2
       1
       7
       4
       0
       3
       5
       6
       5
       2
       2
       8
       5
       1
       6
       6
       6
       3
       0
       3
       7
       7
       3
       4
       4
       2
       1
       5
       3
       2
       1
       1
       3
       0
       1
       5
       1
       3
       1
       3
       7
       2
       2
       2
       4
       2
       1
       4
       3
       3
       1
       2
       2
       2
       2
       2
       3
       3
       1
       0
       1
       5
       3
       0
       3
       2
       4
       5
       5
       2
       1
       2
       2
       2
       5
       5
       1
       4
       3
       4
       1
       2
       3
       5
       3
       4
       6
       6
       6
       4
       15
       30
       45
       54
       80
       102
       137
       186
       185
       193
       229
       178
       171
       149
       116
       88
       71
       47
       34
       25
       15
       9
       7
       2
       3
       4
       3
       6
       1
       2
       1
       0
       3
       5
       2
       1
       3
       2
       1
       3
       3
       3
       3
       4
       2
       6
       2
       1
       3
       2
       1
       3
       1
       2
       3
       0
       1
       2
       0
       2
       1
       0
       0
       3
       0
       2
       3
       3
       3
       3
       4
       3
       1
       4
       2
       2
       3
       3
       5
       0
       2
       2
       4
       1
       2
       2
       2
       4
       4
       4
       3
       2
       2
       1
       2
       4
       2
       2
       2
       2
       3
       0
       2
       2
       5
       1
       1
       3
       2
       0
       2
       1
       1
       3
       5
       5
       4
       0
       1
       3
       0
       1
       2
       0
       2
       1
       2
       4
       2
       1
       2
       2
       0
       1
       0
       1
       1
       0
       1
       3
       1
       4
       3
       2
       1
       5
       4
       2
       2
       2
       2
       0
       3
       6
       2
       1
       2
       0
       1
       2
       2
       1
       2
       2
       0
       2
       0
       1
       1
       1
       3
       5
       1
       1
       4
       1
       2
       1
       2
       1
       2
       2
       2
       1
       0
       2
       1
       3
       3
       0
       4
       3
       3
       3
       0
       0
       1
       6
       2
       1
       3
       3
       2
       2
       2
       3
       1
       1
       2
       0
       1
       1
       3
       3
       3
       0
       0
       1
       1
       1
       1
       1
       2
       1
       3
       4
       1
       1
       2
       7
       2
       1
       4
       4
       3
       2
       6
       3
       2
       2
       2
       1
       2
       3
       1
       0
       1
       0
       3
       1
       3
       2
       3
       1
       2
       2
       0
       1
       4
       0
       1
       1
       3
       2
       2
       2
       0
       0
       1
       0
       1
       1
       1
       2
       2
       1
       2
       1
       3
       1
       1
       3
       2
       2
       2
       0
       1
       1
       1
       1
       2
       1
       1
       0
       1
       0
       0
       1
       4
       2
       0
       2
       1
       0
       1
       2
       3
       0
       4
       0
       2
       1
       2
       0
       2
       1
       2
       1
       0
       1
       1
       0
       4
       0
       3
       0
       1
       1
       2
       0
       2
       0
       2
       2
       1
       1
       1
       2
       1
       1
       5
       1
       1
       2
       1
       2
       0
       0
       1
       0
       2
       0
       1
       0
       5
       0
       3
       1
       0
       2
       2
       2
       0
       2
       0
       2
       2
       2
       0
       0
       0
       4
       1
       1
       1
       2
       3
       3
       0
       2
       1
       0
       1
       1
       0
       2
       1
       1
       1
       0
       1
       2
       0
       0
       2
       0
       1
       4
       1
       0
       2
       2
       3
       1
       0
       1
       1
       3
       3
       1
       1
       8
       2
       4
       4
       0
       2
       5
       2
       3
       4
       2
       7
       0
       2
       7
       3
       3
       1
       3
       4
       3
       3
       3
       4
       4
       5
       1
       0
       4
       5
       3
       1
       4
       2
       4
       2
       1
       5
       0
       1
       2
       3
       2
       3
       1
       2
       5
       3
       0
       4
       1
       3
       6
       1
       3
       1
       3
       4
       2
       1
       7
       3
       1
       1
       2
       2
       3
       1
       0
       4
       0
       4
       3
       2
       4
       3
       0
       4
       1
       3
       5
       1
       2
       3
       3
       3
       0
       2
       4
       0
       3
       4
       1
       0
       2
       1
       3
       1
       3
       2
       1
       2
       2
       2
       2
       3
       1
       2
       1
       1
       3
       0
       4
       0
       3
       2
       3
       3
       1
       4
       2
       2
       2
       2
       5
       0
       0
       0
       0
       3
       2
       1
       2
       2
       1
       1
       2
       2
       3
       3
       0
       0
       1
       3
       1
       0
       1
       1
       3
       1
       1
       0
       0
       2
       1
       3
       0
       0
       0
       1
       1
       0
       0
       0
       4
       1
       2
       1
       1
       2
       0
       2
       2
       1
       1
       0
       0
       2
       0
       0
       2
       1
       1
       0
       1
       0
       1
       0
       0
$ROI:
1

$ENER_FIT:
1.484820 0.226084
$MCA_CAL:
3
1.484820 0.226084 0.000000
$SHAPE_CAL:
2
0.000000 0.000000
